TEIDS Child ID,Adaptive Developmental Quotient_entry,Social-Emotional Developmental Quotient_entry,Communication Developmental Quotient_entry,Motor Developmental Quotient_entry,Cognitive Developmental Quotient_entry,Adaptive-Self Care RS_entry,Adaptive-Self Care Z-Score_entry,Adaptive-Personal Responsibility RS_entry,Adaptive-Personal Responsibility Z-Score_entry,Social Emotional-Adult Interaction RS_entry,Social Emotional-Adult Interaction Z-Score_entry,Social Emotional-Peer Interaction RS_entry,Social Emotional-Peer Interaction Z-Score_entry,Social Emotional-Self Concept / Social Role RS_entry,Social Emotional-Self Concept / Social Role Z-Score_entry,Communication-Receptive Communication RS_entry,Communication-Receptive Communication Z-Score_entry,Communication-Expressive Communication RS_entry,Communication-Expressive Communication Z-Score_entry,Motor-Gross Motor RS_entry,Motor-Gross Motor Z-Score_entry,Motor-Fine Motor RS_entry,Motor-Fine Motor Z-Score_entry,Motor-Perceptual Motor RS_entry,Motor-Perceptual Motor Z-Score_entry,Cognitive-Attention and Memory RS_entry,Cognitive-Attention and Memory Z-Score_entry,Cognitive-Reasoning / Academic Skills RS_entry,Cognitive-Reasoning / Academic Skills Z-Score_entry,Cognitive-Perception and Concepts RS_entry,Cognitive-Perception and Concepts Z-Score_entry,bdi_flag,Adaptive Developmental Quotient_exit,Social-Emotional Developmental Quotient_exit,Communication Developmental Quotient_exit,Motor Developmental Quotient_exit,Cognitive Developmental Quotient_exit,Adaptive-Self Care RS_exit,Adaptive-Self Care Z-Score_exit,Adaptive-Personal Responsibility RS_exit,Adaptive-Personal Responsibility Z-Score_exit,Social Emotional-Adult Interaction RS_exit,Social Emotional-Adult Interaction Z-Score_exit,Social Emotional-Peer Interaction RS_exit,Social Emotional-Peer Interaction Z-Score_exit,Social Emotional-Self Concept / Social Role RS_exit,Social Emotional-Self Concept / Social Role Z-Score_exit,Communication-Receptive Communication RS_exit,Communication-Receptive Communication Z-Score_exit,Communication-Expressive Communication RS_exit,Communication-Expressive Communication Z-Score_exit,Motor-Gross Motor RS_exit,Motor-Gross Motor Z-Score_exit,Motor-Fine Motor RS_exit,Motor-Fine Motor Z-Score_exit,Motor-Perceptual Motor RS_exit,Motor-Perceptual Motor Z-Score_exit,Cognitive-Attention and Memory RS_exit,Cognitive-Attention and Memory Z-Score_exit,Cognitive-Reasoning / Academic Skills RS_exit,Cognitive-Reasoning / Academic Skills Z-Score_exit,Cognitive-Perception and Concepts RS_exit,Cognitive-Perception and Concepts Z-Score_exit
500338,67.0,68.0,46.0,59.0,48.0,17.0,2.33,4.0,1.33,26.0,1.0,3.0,2.33,16.0,2.0,7.0,3.0,15.0,3.0,48.0,1.33,21.0,2.0,4.0,3.0,4.0,3.0,0.0,3.0,8.0,2.67,3,70.0,64.0,46.0,55.0,50.0,16.0,3.0,10.0,0.33,26.0,1.0,2.0,2.67,14.0,2.33,10.0,3.0,11.0,3.0,50.0,1.67,22.0,2.33,2.0,3.0,18.0,2.33,0.0,3.0,5.0,3.0
505750,61.0,74.0,49.0,94.0,70.0,22.0,1.33,0.0,3.0,32.0,0.0,4.0,2.0,12.0,2.33,7.0,3.0,15.0,2.67,52.0,0.67,27.0,0.67,12.0,0.33,22.0,1.33,4.0,2.0,9.0,1.67,3,61.0,74.0,49.0,94.0,70.0,22.0,1.33,0.0,3.0,32.0,0.0,4.0,2.0,12.0,2.33,7.0,3.0,15.0,2.67,52.0,0.67,27.0,0.67,12.0,0.33,22.0,1.33,4.0,2.0,9.0,1.67
514559,46.0,66.0,46.0,42.0,48.0,5.0,3.0,0.0,3.0,27.0,1.0,4.0,2.0,12.0,2.67,9.0,3.0,4.0,3.0,16.0,3.0,8.0,3.0,0.0,3.0,16.0,2.67,0.0,3.0,8.0,3.0,3,46.0,62.0,46.0,42.0,46.0,14.0,3.0,0.0,3.0,25.0,1.33,4.0,2.0,9.0,3.0,10.0,3.0,14.0,3.0,19.0,3.0,11.0,3.0,2.0,3.0,11.0,3.0,0.0,3.0,8.0,3.0
526656,67.0,82.0,46.0,91.0,84.0,28.0,1.33,1.0,2.33,27.0,1.0,7.0,1.33,24.0,0.67,11.0,3.0,15.0,3.0,56.0,0.33,29.0,0.67,12.0,0.33,28.0,0.33,8.0,1.0,12.0,1.33,3,76.0,66.0,46.0,51.0,54.0,27.0,2.0,10.0,0.67,21.0,1.67,6.0,1.67,17.0,2.33,6.0,3.0,9.0,3.0,53.0,1.67,16.0,3.0,3.0,3.0,22.0,1.67,2.0,3.0,6.0,3.0
528517,73.0,80.0,58.0,91.0,82.0,16.0,2.0,4.0,1.0,29.0,0.67,5.0,1.67,19.0,1.0,12.0,2.67,17.0,2.0,57.0,0.67,26.0,1.0,10.0,1.0,24.0,1.0,6.0,1.0,11.0,1.0,3,55.0,64.0,49.0,74.0,58.0,16.0,3.0,2.0,2.0,27.0,1.0,4.0,2.0,8.0,3.0,14.0,2.67,15.0,3.0,55.0,1.0,23.0,2.0,11.0,1.0,16.0,2.67,6.0,1.33,8.0,3.0
533008,67.0,78.0,52.0,61.0,76.0,16.0,2.0,2.0,1.67,28.0,0.67,5.0,1.67,18.0,1.33,10.0,3.0,16.0,2.33,38.0,2.33,27.0,0.67,4.0,3.0,25.0,0.67,6.0,1.0,8.0,2.33,3,52.0,60.0,46.0,64.0,64.0,19.0,2.67,1.0,2.67,23.0,1.33,3.0,2.33,9.0,3.0,12.0,3.0,8.0,3.0,47.0,2.0,24.0,2.0,9.0,1.67,20.0,2.0,8.0,1.0,8.0,3.0
542136,61.0,98.0,58.0,79.0,74.0,14.0,2.67,2.0,1.67,36.0,0.33,11.0,0.33,24.0,0.33,13.0,2.33,16.0,2.33,52.0,0.67,30.0,0.33,4.0,3.0,20.0,1.67,4.0,2.0,12.0,0.67,3,46.0,72.0,46.0,79.0,68.0,20.0,3.0,0.0,3.0,33.0,0.33,4.0,2.0,16.0,2.33,6.0,3.0,18.0,3.0,58.0,0.67,24.0,2.0,12.0,0.67,24.0,1.33,7.0,1.33,10.0,2.67
544076,91.0,96.0,61.0,76.0,58.0,29.0,0.33,5.0,0.67,36.0,0.33,11.0,0.33,23.0,0.67,20.0,1.33,13.0,3.0,55.0,0.33,24.0,1.33,5.0,2.67,22.0,1.33,2.0,3.0,7.0,2.67,3,79.0,68.0,55.0,66.0,68.0,25.0,1.67,9.0,0.67,19.0,1.67,9.0,1.0,12.0,2.67,19.0,2.0,11.0,3.0,56.0,0.67,24.0,2.0,6.0,2.67,24.0,1.33,6.0,1.33,9.0,2.67
544204,85.0,96.0,85.0,94.0,96.0,28.0,0.67,4.0,1.0,35.0,0.33,9.0,0.67,25.0,0.33,21.0,1.0,26.0,0.67,56.0,0.33,28.0,0.33,10.0,1.0,29.0,0.0,6.0,1.0,14.0,0.33,3,61.0,70.0,58.0,87.0,78.0,26.0,1.67,1.0,2.67,28.0,1.0,8.0,1.33,12.0,2.67,13.0,3.0,28.0,1.67,57.0,0.67,26.0,1.67,15.0,0.33,22.0,1.67,8.0,1.0,14.0,1.0
544217,55.0,84.0,46.0,72.0,66.0,18.0,2.0,0.0,3.0,32.0,0.33,7.0,1.33,20.0,1.0,9.0,3.0,12.0,3.0,54.0,0.67,24.0,1.33,6.0,2.33,11.0,3.0,7.0,1.0,10.0,1.67,3,64.0,68.0,46.0,74.0,72.0,24.0,2.0,2.0,2.0,31.0,0.67,6.0,1.67,11.0,3.0,12.0,3.0,14.0,3.0,58.0,0.67,25.0,1.67,9.0,1.67,22.0,1.67,6.0,1.33,11.0,1.67
545247,91.0,98.0,55.0,89.0,86.0,25.0,1.0,8.0,0.0,37.0,0.67,10.0,0.33,21.0,0.67,11.0,3.0,17.0,2.0,56.0,0.33,25.0,1.0,10.0,1.0,28.0,0.0,6.0,1.0,10.0,1.33,3,67.0,68.0,46.0,94.0,58.0,21.0,2.67,8.0,1.0,27.0,1.0,4.0,2.0,15.0,2.33,10.0,3.0,9.0,3.0,58.0,0.67,31.0,0.33,15.0,0.0,20.0,2.0,4.0,2.0,9.0,3.0
545407,85.0,76.0,64.0,72.0,78.0,24.0,1.0,6.0,0.67,28.0,0.67,4.0,2.0,18.0,1.33,14.0,2.0,17.0,2.0,56.0,0.33,21.0,1.67,2.0,3.0,24.0,1.0,4.0,2.0,12.0,0.67,3,73.0,66.0,46.0,64.0,52.0,28.0,1.33,4.0,1.67,28.0,1.0,3.0,2.33,14.0,2.33,6.0,3.0,2.0,3.0,53.0,1.33,23.0,2.0,7.0,2.33,20.0,2.0,3.0,3.0,6.0,3.0
545968,88.0,94.0,61.0,98.0,82.0,23.0,1.33,8.0,0.0,38.0,0.67,8.0,1.0,23.0,0.67,12.0,2.67,19.0,1.67,48.0,1.0,33.0,1.67,10.0,1.0,27.0,0.33,4.0,2.0,12.0,0.67,3,61.0,72.0,70.0,74.0,82.0,22.0,2.33,2.0,2.0,30.0,0.67,4.0,2.0,18.0,2.0,22.0,1.67,27.0,1.67,52.0,1.33,26.0,1.67,11.0,1.0,28.0,0.67,8.0,1.0,12.0,1.33
546876,61.0,60.0,46.0,64.0,58.0,16.0,2.67,2.0,1.67,15.0,2.0,4.0,2.0,12.0,2.67,9.0,3.0,14.0,3.0,50.0,1.0,22.0,1.67,4.0,3.0,20.0,1.67,3.0,2.67,8.0,2.67,3,46.0,48.0,46.0,51.0,46.0,16.0,3.0,0.0,3.0,7.0,3.0,2.0,2.67,11.0,3.0,1.0,3.0,14.0,3.0,52.0,1.67,13.0,3.0,0.0,3.0,5.0,3.0,0.0,3.0,8.0,3.0
547077,76.0,84.0,61.0,98.0,92.0,24.0,1.33,3.0,1.33,32.0,0.33,4.0,2.0,27.0,0.33,13.0,2.67,22.0,1.67,54.0,0.67,31.0,0.33,12.0,0.0,30.0,0.0,10.0,0.0,11.0,1.33,3,70.0,72.0,49.0,81.0,72.0,26.0,1.67,4.0,1.67,30.0,0.67,1.0,3.0,24.0,1.0,12.0,3.0,21.0,2.67,57.0,0.67,27.0,1.33,11.0,1.0,26.0,1.0,7.0,1.0,9.0,2.67
547849,79.0,106.0,70.0,87.0,96.0,22.0,1.33,4.0,1.0,41.0,1.33,14.0,0.33,22.0,0.67,15.0,2.0,22.0,1.33,53.0,0.33,30.0,0.33,8.0,2.0,30.0,0.33,8.0,0.33,12.0,0.67,3,49.0,70.0,52.0,74.0,48.0,18.0,3.0,1.0,2.67,33.0,0.33,4.0,2.0,13.0,2.67,13.0,3.0,22.0,2.33,48.0,1.67,27.0,1.33,11.0,1.0,16.0,2.67,3.0,3.0,8.0,3.0
548218,67.0,96.0,52.0,66.0,78.0,17.0,1.67,1.0,2.0,33.0,0.0,11.0,0.33,24.0,0.33,10.0,3.0,16.0,2.33,50.0,1.0,22.0,1.33,4.0,3.0,23.0,1.0,6.0,1.0,9.0,1.67,3,49.0,62.0,46.0,61.0,72.0,17.0,2.67,0.0,3.0,23.0,1.33,4.0,2.0,10.0,3.0,10.0,3.0,14.0,3.0,51.0,1.33,24.0,1.67,2.0,3.0,26.0,0.67,8.0,1.0,8.0,3.0
548302,64.0,84.0,55.0,76.0,80.0,17.0,2.33,2.0,1.67,34.0,0.0,6.0,1.67,21.0,1.0,11.0,3.0,21.0,2.0,50.0,1.0,29.0,0.33,6.0,2.33,24.0,1.0,8.0,0.67,10.0,1.67,3,49.0,68.0,46.0,76.0,80.0,18.0,3.0,1.0,2.67,23.0,1.33,6.0,1.67,14.0,2.33,10.0,3.0,17.0,3.0,53.0,1.33,31.0,0.33,8.0,2.0,24.0,1.33,10.0,0.67,12.0,1.33
548483,61.0,100.0,49.0,96.0,84.0,23.0,1.33,0.0,3.0,35.0,0.33,14.0,0.33,22.0,0.67,9.0,3.0,14.0,2.67,56.0,0.33,31.0,1.0,8.0,2.0,27.0,0.33,6.0,1.0,10.0,1.33,3,64.0,68.0,49.0,72.0,70.0,21.0,2.33,4.0,1.67,17.0,2.0,7.0,1.33,17.0,2.0,14.0,2.67,13.0,3.0,49.0,1.67,28.0,1.0,9.0,1.67,22.0,1.67,7.0,1.0,10.0,2.33
548484,67.0,84.0,46.0,64.0,60.0,23.0,1.67,2.0,2.0,33.0,0.33,8.0,1.33,23.0,1.0,10.0,3.0,15.0,3.0,47.0,1.67,24.0,1.67,7.0,2.33,16.0,2.67,4.0,2.0,10.0,2.0,3,46.0,66.0,46.0,53.0,54.0,24.0,3.0,0.0,3.0,25.0,1.33,4.0,2.0,16.0,2.33,10.0,3.0,17.0,3.0,50.0,2.33,24.0,2.33,7.0,2.67,19.0,2.33,4.0,2.33,8.0,3.0
549176,85.0,104.0,73.0,87.0,64.0,30.0,1.33,10.0,0.33,39.0,0.33,21.0,0.67,29.0,0.33,25.0,1.33,28.0,1.67,53.0,1.33,31.0,0.33,12.0,0.33,16.0,2.67,8.0,1.0,10.0,2.33,3,52.0,58.0,55.0,85.0,78.0,28.0,2.33,0.0,3.0,24.0,1.67,0.0,3.0,17.0,2.33,16.0,3.0,32.0,2.0,58.0,1.0,31.0,1.0,16.0,0.33,29.0,1.0,11.0,1.0,13.0,1.67
549286,79.0,96.0,49.0,83.0,76.0,27.0,1.0,4.0,1.33,35.0,0.0,14.0,0.0,23.0,0.67,11.0,3.0,17.0,2.67,52.0,1.0,29.0,0.33,10.0,1.33,23.0,1.33,10.0,0.0,8.0,2.67,3,73.0,74.0,46.0,66.0,68.0,44.0,0.0,0.0,3.0,34.0,0.33,11.0,1.0,12.0,3.0,16.0,3.0,22.0,3.0,50.0,2.0,24.0,2.33,12.0,1.0,26.0,1.33,5.0,1.67,11.0,2.33
549820,91.0,92.0,67.0,70.0,80.0,24.0,1.0,8.0,0.0,33.0,0.0,9.0,0.67,23.0,0.67,13.0,2.33,21.0,1.33,51.0,0.67,21.0,1.67,6.0,2.33,23.0,1.0,5.0,1.33,11.0,1.0,3,55.0,70.0,49.0,59.0,60.0,21.0,2.33,1.0,2.67,28.0,1.0,4.0,2.0,18.0,2.0,12.0,3.0,21.0,2.67,53.0,1.33,23.0,2.0,2.0,3.0,21.0,2.0,4.0,2.0,9.0,2.67
550184,67.0,76.0,55.0,85.0,84.0,23.0,1.33,1.0,2.33,30.0,0.67,4.0,2.0,19.0,1.33,15.0,2.0,11.0,3.0,45.0,1.67,27.0,1.0,13.0,0.33,22.0,1.33,7.0,1.0,13.0,0.33,3,67.0,64.0,49.0,74.0,80.0,22.0,2.33,5.0,1.33,25.0,1.0,2.0,2.67,14.0,2.33,15.0,2.67,18.0,3.0,44.0,2.33,30.0,0.67,11.0,1.0,23.0,1.33,7.0,1.0,14.0,1.0
550241,85.0,88.0,52.0,76.0,76.0,25.0,1.0,6.0,0.67,32.0,0.0,5.0,1.67,24.0,0.33,13.0,2.33,13.0,3.0,52.0,0.67,28.0,0.33,5.0,2.67,23.0,1.0,5.0,1.33,9.0,1.67,3,67.0,70.0,46.0,61.0,66.0,25.0,1.67,2.0,2.0,32.0,0.33,4.0,2.0,12.0,2.67,8.0,3.0,17.0,3.0,52.0,1.33,26.0,1.67,2.0,3.0,24.0,1.33,6.0,1.33,7.0,3.0
550279,64.0,86.0,52.0,42.0,70.0,11.0,3.0,4.0,1.0,30.0,0.33,7.0,1.33,22.0,0.67,10.0,3.0,16.0,2.33,24.0,3.0,13.0,3.0,2.0,3.0,23.0,1.0,5.0,1.33,7.0,2.67,3,46.0,58.0,46.0,42.0,46.0,6.0,3.0,0.0,3.0,26.0,1.0,0.0,3.0,10.0,3.0,8.0,3.0,13.0,3.0,31.0,3.0,12.0,3.0,0.0,3.0,12.0,3.0,0.0,3.0,8.0,3.0
550400,88.0,88.0,46.0,64.0,54.0,21.0,1.33,8.0,0.0,36.0,0.33,6.0,1.67,21.0,0.67,11.0,3.0,13.0,3.0,45.0,1.33,24.0,1.33,0.0,3.0,16.0,2.33,0.0,3.0,8.0,2.33,3,58.0,68.0,46.0,53.0,46.0,19.0,2.33,1.0,2.33,28.0,0.67,5.0,1.67,10.0,3.0,6.0,3.0,1.0,3.0,48.0,1.67,19.0,2.67,2.0,3.0,9.0,3.0,1.0,3.0,5.0,3.0
551017,82.0,86.0,61.0,102.0,82.0,24.0,1.33,6.0,0.67,37.0,0.33,8.0,1.33,19.0,1.33,18.0,1.67,17.0,2.67,53.0,0.67,32.0,1.0,12.0,0.0,22.0,1.33,9.0,0.0,10.0,1.67,3,76.0,66.0,61.0,89.0,80.0,29.0,1.33,6.0,1.33,34.0,0.33,0.0,3.0,14.0,2.33,18.0,2.0,23.0,2.33,53.0,1.33,30.0,0.67,14.0,0.33,26.0,1.0,10.0,0.67,11.0,1.67
551084,70.0,80.0,55.0,96.0,84.0,21.0,1.67,2.0,1.67,32.0,0.33,7.0,1.33,17.0,1.67,15.0,2.0,16.0,3.0,53.0,0.67,30.0,0.0,12.0,0.0,27.0,0.33,6.0,1.33,12.0,1.0,3,58.0,68.0,46.0,59.0,64.0,24.0,2.33,2.0,2.33,32.0,0.67,6.0,1.67,8.0,3.0,6.0,3.0,17.0,3.0,58.0,0.67,20.0,2.67,5.0,3.0,20.0,2.0,6.0,1.33,10.0,2.67
551280,82.0,80.0,55.0,81.0,80.0,23.0,1.33,5.0,0.67,32.0,0.0,5.0,1.67,16.0,1.67,9.0,3.0,17.0,2.0,56.0,0.33,26.0,1.0,7.0,2.33,25.0,0.67,6.0,1.0,9.0,1.67,3,58.0,62.0,46.0,55.0,64.0,22.0,2.67,3.0,2.0,19.0,1.67,5.0,2.0,14.0,2.67,13.0,3.0,16.0,3.0,49.0,2.0,24.0,2.0,2.0,3.0,20.0,2.0,8.0,1.0,8.0,3.0
552059,88.0,84.0,52.0,91.0,86.0,27.0,0.67,5.0,0.67,34.0,0.0,7.0,1.33,18.0,1.33,11.0,3.0,16.0,2.33,49.0,1.0,27.0,0.67,12.0,0.33,22.0,1.33,9.0,0.33,10.0,1.33,3,58.0,66.0,49.0,70.0,68.0,23.0,2.0,1.0,2.67,24.0,1.33,3.0,2.33,16.0,2.0,14.0,2.67,19.0,3.0,51.0,1.33,24.0,2.0,10.0,1.33,16.0,2.67,7.0,1.0,11.0,1.67
552063,67.0,104.0,52.0,74.0,74.0,14.0,3.0,7.0,0.67,40.0,1.0,14.0,0.0,26.0,0.33,11.0,3.0,18.0,2.33,52.0,1.0,28.0,0.67,6.0,2.33,24.0,1.0,8.0,0.67,8.0,2.67,3,73.0,60.0,46.0,89.0,72.0,26.0,2.0,8.0,1.0,16.0,2.0,4.0,2.0,14.0,2.67,4.0,3.0,12.0,3.0,52.0,1.67,32.0,0.0,14.0,0.0,22.0,1.67,6.0,1.33,12.0,1.67
552972,76.0,92.0,46.0,85.0,80.0,22.0,1.67,5.0,1.0,35.0,0.0,9.0,1.0,29.0,0.33,11.0,3.0,12.0,3.0,55.0,0.33,29.0,0.33,9.0,1.67,24.0,1.0,7.0,1.0,11.0,1.33,3,55.0,72.0,46.0,64.0,68.0,21.0,2.67,2.0,2.33,27.0,1.0,4.0,2.0,20.0,1.67,13.0,3.0,20.0,3.0,50.0,1.67,26.0,1.67,8.0,2.33,23.0,1.67,8.0,1.0,10.0,2.67
553006,73.0,72.0,55.0,66.0,68.0,16.0,2.67,8.0,0.33,27.0,1.0,7.0,1.33,13.0,2.33,13.0,2.67,19.0,2.33,50.0,1.0,22.0,1.67,5.0,2.67,26.0,0.67,4.0,2.0,8.0,2.67,3,61.0,60.0,49.0,66.0,66.0,20.0,2.33,2.0,2.0,22.0,1.33,2.0,2.67,12.0,2.67,9.0,3.0,21.0,2.67,50.0,1.67,21.0,2.33,10.0,1.33,16.0,2.67,5.0,1.67,12.0,1.33
553245,94.0,106.0,67.0,66.0,78.0,25.0,1.0,9.0,0.33,35.0,0.33,19.0,1.0,26.0,0.33,16.0,1.67,17.0,2.0,50.0,1.0,23.0,1.33,4.0,3.0,22.0,1.33,6.0,1.0,10.0,1.33,3,67.0,72.0,46.0,64.0,70.0,21.0,2.33,6.0,1.33,35.0,0.0,4.0,2.0,12.0,2.67,13.0,3.0,18.0,3.0,47.0,2.0,24.0,2.0,9.0,1.67,23.0,1.33,7.0,1.0,9.0,2.67
553519,55.0,68.0,46.0,85.0,74.0,18.0,2.0,0.0,3.0,24.0,1.0,2.0,2.67,18.0,1.67,6.0,3.0,14.0,3.0,50.0,1.0,30.0,0.0,10.0,1.33,24.0,1.0,6.0,1.33,9.0,2.0,3,52.0,46.0,46.0,79.0,,19.0,2.67,1.0,2.67,9.0,3.0,0.0,3.0,7.0,3.0,6.0,3.0,14.0,3.0,53.0,1.33,30.0,0.67,10.0,1.33,19.0,2.0,,,,
554281,76.0,88.0,67.0,98.0,90.0,22.0,1.33,3.0,1.33,40.0,1.0,4.0,2.0,20.0,1.0,15.0,2.0,20.0,1.67,52.0,0.67,29.0,0.0,12.0,0.33,23.0,1.0,10.0,0.33,11.0,1.0,3,58.0,72.0,46.0,91.0,70.0,24.0,2.33,2.0,2.33,35.0,0.33,2.0,2.67,19.0,1.67,11.0,3.0,18.0,3.0,59.0,0.67,31.0,0.33,13.0,0.33,18.0,2.33,8.0,1.0,12.0,1.67
554443,88.0,76.0,58.0,98.0,84.0,21.0,1.33,8.0,0.0,30.0,0.33,7.0,1.33,12.0,2.33,12.0,2.67,18.0,2.0,50.0,1.0,28.0,0.33,14.0,1.0,25.0,0.67,8.0,0.33,9.0,1.67,3,70.0,58.0,46.0,57.0,46.0,23.0,2.0,5.0,1.33,19.0,1.67,3.0,2.33,10.0,3.0,8.0,3.0,14.0,3.0,49.0,1.67,23.0,2.0,2.0,3.0,12.0,3.0,1.0,3.0,6.0,3.0
555320,76.0,94.0,58.0,104.0,92.0,21.0,1.33,3.0,1.33,38.0,0.67,18.0,0.67,13.0,2.33,11.0,3.0,20.0,1.67,57.0,0.67,31.0,1.0,10.0,1.0,26.0,0.33,8.0,0.33,12.0,0.67,3,82.0,70.0,64.0,89.0,78.0,32.0,0.67,4.0,1.33,26.0,1.0,8.0,1.33,12.0,2.67,16.0,2.33,24.0,1.67,58.0,0.33,28.0,1.0,12.0,0.33,24.0,1.0,6.0,1.33,12.0,1.33
556044,70.0,68.0,46.0,85.0,74.0,17.0,1.67,2.0,1.67,29.0,0.67,3.0,2.33,13.0,2.33,5.0,3.0,9.0,3.0,51.0,0.67,19.0,2.0,12.0,0.33,13.0,3.0,9.0,0.33,9.0,1.67,3,58.0,50.0,46.0,61.0,58.0,25.0,1.67,0.0,3.0,10.0,3.0,3.0,2.33,10.0,3.0,4.0,3.0,11.0,3.0,56.0,0.67,22.0,2.33,4.0,3.0,6.0,3.0,8.0,1.0,7.0,3.0
556305,85.0,102.0,46.0,102.0,84.0,26.0,1.0,5.0,0.67,32.0,0.0,16.0,0.67,25.0,0.33,11.0,3.0,10.0,3.0,52.0,0.67,30.0,0.33,13.0,0.67,24.0,1.0,8.0,0.33,10.0,1.33,3,70.0,62.0,46.0,81.0,78.0,25.0,1.67,4.0,1.67,8.0,3.0,4.0,2.0,20.0,1.33,6.0,3.0,11.0,3.0,50.0,1.67,29.0,1.0,12.0,0.33,25.0,1.0,6.0,1.33,12.0,1.33
556519,70.0,80.0,46.0,89.0,84.0,22.0,1.33,1.0,2.0,31.0,0.33,9.0,0.67,12.0,2.33,10.0,3.0,12.0,3.0,54.0,0.0,26.0,1.0,11.0,0.67,27.0,0.33,6.0,1.0,10.0,1.33,3,76.0,62.0,46.0,66.0,60.0,29.0,1.33,6.0,1.33,21.0,1.67,4.0,2.0,12.0,2.67,9.0,3.0,12.0,3.0,52.0,1.33,24.0,2.0,8.0,2.0,18.0,2.33,6.0,1.33,8.0,3.0
556662,91.0,90.0,70.0,121.0,92.0,32.0,0.0,4.0,1.0,33.0,0.0,7.0,1.33,24.0,0.33,16.0,1.67,19.0,1.67,62.0,1.0,30.0,0.33,18.0,2.0,27.0,0.33,8.0,0.33,12.0,0.67,3,79.0,74.0,94.0,100.0,92.0,35.0,0.67,3.0,1.67,27.0,1.0,4.0,2.0,20.0,1.33,32.0,0.33,39.0,0.33,63.0,0.0,31.0,0.33,15.0,0.33,31.0,0.33,10.0,0.67,17.0,0.33
557248,88.0,96.0,61.0,53.0,58.0,28.0,0.67,6.0,0.67,36.0,0.33,9.0,0.67,24.0,0.33,16.0,1.67,14.0,2.67,33.0,3.0,21.0,1.67,5.0,2.67,19.0,1.67,0.0,3.0,8.0,2.33,3,73.0,72.0,46.0,64.0,68.0,23.0,2.0,7.0,1.0,36.0,0.0,6.0,1.67,9.0,3.0,12.0,3.0,15.0,3.0,46.0,2.0,21.0,2.33,10.0,1.33,23.0,1.33,6.0,1.33,9.0,2.67
558518,88.0,76.0,49.0,55.0,50.0,21.0,1.33,8.0,0.0,17.0,1.67,4.0,2.0,26.0,0.33,8.0,3.0,15.0,2.67,49.0,1.0,14.0,3.0,4.0,3.0,16.0,2.33,1.0,3.0,6.0,3.0,3,70.0,64.0,46.0,53.0,74.0,19.0,2.67,8.0,0.67,16.0,2.0,4.0,2.0,17.0,2.0,11.0,3.0,19.0,3.0,46.0,2.0,22.0,2.33,4.0,3.0,24.0,1.33,6.0,1.33,11.0,1.67
558788,73.0,76.0,49.0,81.0,72.0,25.0,1.0,1.0,2.0,25.0,1.0,7.0,1.33,17.0,1.67,10.0,3.0,15.0,2.67,51.0,0.67,24.0,1.33,10.0,1.0,23.0,1.0,4.0,2.0,9.0,1.67,3,64.0,56.0,46.0,98.0,62.0,21.0,2.33,4.0,1.67,23.0,1.33,0.0,3.0,9.0,3.0,11.0,3.0,15.0,3.0,56.0,0.67,34.0,0.67,12.0,0.33,24.0,1.33,4.0,2.0,8.0,3.0
558790,100.0,112.0,58.0,102.0,88.0,27.0,1.0,14.0,1.0,45.0,2.0,12.0,0.33,33.0,0.33,12.0,3.0,22.0,1.67,58.0,0.33,30.0,0.0,12.0,0.0,30.0,0.0,7.0,1.0,12.0,1.0,3,88.0,74.0,52.0,98.0,72.0,36.0,0.33,7.0,1.0,35.0,0.0,8.0,1.33,10.0,3.0,13.0,3.0,23.0,2.33,57.0,0.67,34.0,0.67,12.0,0.33,24.0,1.33,7.0,1.0,10.0,2.33
560477,79.0,88.0,55.0,70.0,68.0,20.0,1.67,6.0,0.67,34.0,0.0,9.0,1.0,20.0,1.0,16.0,2.0,14.0,3.0,53.0,0.67,23.0,1.67,6.0,2.33,26.0,0.67,4.0,2.0,8.0,2.67,3,67.0,74.0,49.0,68.0,68.0,23.0,2.0,4.0,1.67,32.0,0.33,4.0,2.0,18.0,2.0,15.0,2.67,17.0,3.0,51.0,1.33,26.0,1.67,8.0,2.0,23.0,1.33,6.0,1.33,9.0,2.67
561276,79.0,76.0,52.0,66.0,62.0,27.0,1.0,3.0,1.33,34.0,0.0,3.0,2.33,17.0,1.67,13.0,2.67,17.0,2.67,50.0,1.0,18.0,2.33,8.0,2.0,22.0,1.33,1.0,3.0,9.0,2.0,3,73.0,48.0,46.0,74.0,68.0,26.0,1.67,5.0,1.33,8.0,3.0,2.0,2.67,4.0,3.0,3.0,3.0,13.0,3.0,52.0,1.33,27.0,1.33,10.0,1.33,23.0,1.33,8.0,1.0,4.0,3.0
562179,46.0,80.0,46.0,59.0,74.0,14.0,3.0,0.0,3.0,30.0,0.67,10.0,0.67,15.0,2.0,10.0,3.0,16.0,3.0,37.0,3.0,25.0,1.33,8.0,2.0,24.0,1.0,6.0,1.33,9.0,2.0,3,64.0,74.0,46.0,61.0,64.0,23.0,2.0,2.0,2.0,29.0,0.67,7.0,1.33,15.0,2.33,13.0,3.0,16.0,3.0,44.0,2.33,28.0,1.0,5.0,2.67,20.0,2.0,6.0,1.33,9.0,2.67
563483,88.0,104.0,61.0,100.0,78.0,29.0,0.67,7.0,0.67,40.0,1.0,16.0,0.33,25.0,0.67,14.0,2.33,21.0,2.0,55.0,0.33,28.0,0.67,15.0,1.0,26.0,0.67,7.0,1.0,9.0,2.0,3,73.0,74.0,52.0,74.0,60.0,28.0,1.33,4.0,1.67,29.0,0.67,8.0,1.33,15.0,2.33,15.0,2.67,21.0,2.67,48.0,1.67,29.0,1.0,10.0,1.33,20.0,2.0,5.0,1.67,8.0,3.0
